# Created by Octave 4.4.1, Fri Feb 07 12:40:56 2020 CET <peter@peter-ubuntu>
# name: errh1
# type: matrix
# rows: 5
# columns: 1
 1409.7063166010164
 348.90921697690055
 303.2427776957889
 84.374563241612094
 60.259936366071067


# name: errl2
# type: matrix
# rows: 5
# columns: 1
 349.99030905025012
 69.566349270259096
 38.265647757861849
 30.461332922311595
 3.4916700176732571


