# Created by Octave 4.4.1, Sun Feb 09 15:06:52 2020 CET <peter@peter-ubuntu>
# name: errh1
# type: matrix
# rows: 6
# columns: 1
 0.00062543710359651099
 0.00067242858229766948
 0.00044273827648693765
 0.00018685892065366694
 0.00011065385397636393
 4.2928285951166032e-05


# name: errl2
# type: matrix
# rows: 6
# columns: 1
 0.00041307795179760159
 0.00043039129261964934
 0.00028826448866621729
 0.00012088910446434419
 7.1689723907301654e-05
 2.7653708391021909e-05


