# Created by Octave 4.4.1, Sun Feb 09 13:14:19 2020 CET <peter@peter-ubuntu>
# name: errh1
# type: matrix
# rows: 4
# columns: 1
 0.00048809747447921091
 0.0005002443871714833
 0.00011722974267771203
 0.00026610908154947713


# name: errl2
# type: matrix
# rows: 4
# columns: 1
 0.00030968139081873416
 0.00031926270672205821
 4.4254584985867988e-05
 0.00017044334121239863


