# Created by Octave 4.4.1, Fri Feb 07 13:40:40 2020 CET <peter@peter-ubuntu>
# name: errh1
# type: matrix
# rows: 6
# columns: 1
 9.4868329805051381
 1920.3753084443169
 334.46753937183763
 439.49622347042089
 62.081305335352809
 253.23684300049518


# name: errl2
# type: matrix
# rows: 6
# columns: 1
 5.4772255750516612
 1078.7400804341885
 131.36937645107594
 198.384576181689
 29.060823649348034
 115.31777279936007


